,0,0,0,0,0
fiscalDateEnding,2016-09-30,2017-09-30,2018-09-30,2019-09-30,2020-09-30
reportedCurrency,USD,USD,USD,USD,USD
grossProfit,84263000000,88186000000,101839000000,98392000000,104956000000
totalRevenue,215639000000,229234000000,265595000000,256598000000,271642000000
costOfRevenue,131376000000,141048000000,163756000000,180027000000,189475000000
costofGoodsAndServicesSold,131376000000,141048000000,163756000000,161782000000,169559000000
operatingIncome,60024000000,61344000000,70898000000,63930000000,66288000000
sellingGeneralAndAdministrative,14194000000,15261000000,16705000000,18245000000,19916000000
researchAndDevelopment,10045000000,11581000000,14236000000,16217000000,18752000000
operatingExpenses,24239000000,26842000000,30941000000,34462000000,38668000000
investmentIncomeNet,3999000000,5201000000,5686000000,4961000000,3763000000
netInterestIncome,-1456000000,-2323000000,-3240000000,-3576000000,-2873000000
interestIncome,3999000000,5201000000,5686000000,4961000000,890000000
interestExpense,1456000000,2323000000,3240000000,3576000000,2873000000
nonInterestIncome,None,229234000000,265595000000,260174000000,274515000000
otherNonOperatingIncome,-1195000000,-133000000,-441000000,422000000,-87000000
depreciation,8300000000,8200000000,9300000000,11300000000,9700000000
depreciationAndAmortization,8300000000,1200000000,10903000000,12547000000,11056000000
incomeBeforeTax,61372000000,64089000000,72903000000,65737000000,67091000000
incomeTaxExpense,15685000000,15738000000,13372000000,10481000000,9680000000
interestAndDebtExpense,1456000000,2323000000,3240000000,3576000000,2873000000
netIncomeFromContinuingOperations,45687000000,48351000000,59531000000,55256000000,57411000000
comprehensiveIncomeNetOfTax,46666000000,47567000000,56505000000,58037000000,57453000000
ebit,62828000000,66412000000,76143000000,69313000000,69964000000
ebitda,71128000000,67612000000,81801000000,76477000000,77344000000
netIncome,45687000000,48351000000,59531000000,55256000000,57411000000
