,0,0,0,0,0
fiscalDateEnding,2016-09-30,2017-09-30,2018-09-30,2019-09-30,2020-09-30
reportedCurrency,USD,USD,USD,USD,USD
totalAssets,321686000000,375319000000,365725000000,338516000000,323888000000
totalCurrentAssets,106869000000,128645000000,131339000000,162819000000,143713000000
cashAndCashEquivalentsAtCarryingValue,20484000000,20289000000,25913000000,48844000000,38016000000
cashAndShortTermInvestments,67155000000,74181000000,25913000000,100557000000,90943000000
inventory,2132000000,4855000000,3956000000,4106000000,4061000000
currentNetReceivables,29299000000,35673000000,48995000000,45804000000,37445000000
totalNonCurrentAssets,385247000000,246674000000,234386000000,175697000000,180175000000
propertyPlantEquipment,27010000000,33783000000,41304000000,37378000000,36766000000
accumulatedDepreciationAmortizationPPE,34235000000,41293000000,49099000000,58579000000,66760000000
intangibleAssets,8620000000,8015000000,None,None,None
intangibleAssetsExcludingGoodwill,3206000000,2298000000,None,None,None
goodwill,5414000000,5717000000,None,None,None
investments,237585000000,268895000000,448287000000,362952000000,345644000000
longTermInvestments,170430000000,194714000000,170799000000,105341000000,100887000000
shortTermInvestments,46671000000,53892000000,40388000000,51713000000,52927000000
otherCurrentAssets,8283000000,13936000000,12087000000,12352000000,11264000000
otherNonCurrrentAssets,8757000000,18177000000,22283000000,32978000000,42522000000
totalLiabilities,193437000000,241272000000,258578000000,248028000000,258549000000
totalCurrentLiabilities,79006000000,100814000000,115929000000,105718000000,105392000000
currentAccountsPayable,37294000000,44242000000,55888000000,46236000000,42296000000
deferredRevenue,11010000000,10384000000,14766000000,13622000000,16843000000
currentDebt,11600000000,18473000000,20748000000,16240000000,13793000000
shortTermDebt,8100000000,11977000000,11964000000,5980000000,4996000000
totalNonCurrentLiabilities,150505000000,140458000000,142649000000,142310000000,153157000000
capitalLeaseObligations,None,None,None,None,637000000
longTermDebt,85200000000,112596000000,111984000000,117760000000,125873000000
currentLongTermDebt,3500000000,6496000000,8784000000,10260000000,8773000000
longTermDebtNoncurrent,75427000000,97207000000,93735000000,91807000000,98667000000
shortLongTermDebtTotal,164694000000,219794000000,220132000000,209135000000,216860000000
otherCurrentLiabilities,8080000000,30551000000,33327000000,37720000000,42684000000
otherNonCurrentLiabilities,36074000000,40415000000,48914000000,50503000000,54490000000
totalShareholderEquity,128249000000,134047000000,107147000000,90488000000,65339000000
treasuryStock,None,None,None,None,None
retainedEarnings,96364000000,98330000000,70400000000,45898000000,14966000000
commonStock,31251000000,35867000000,40201000000,45174000000,50779000000
commonStockSharesOutstanding,5336166000,5126201000,4754986000,4443236000,16976763000
